-66.80492479
-75.44166612
-84.70495591
-94.60634239
-105.15717119
-116.36860546
-128.25164661
-140.81714966
-154.07583819
-168.03831609
-182.71507950
-71.85071694
-80.75000496
-90.27977336
-100.45152376
-111.27655867
-122.76600926
-134.93084303
-147.78188776
-161.32984273
-175.58528961
-190.55870513
-77.34912305
-86.51648908
-96.31823428
-106.76581044
-117.87048167
-129.64333997
-142.09532439
-155.23723548
-169.07974806
-183.63342343
-198.90872133
-83.30863583
-92.74937455
-102.82837547
-113.55703929
-124.94658788
-137.00807531
-149.75240976
-163.19036322
-177.33258697
-192.18962226
-207.77191185
-89.73778460
-99.45696950
-109.81829901
-120.83312335
-132.51261303
-144.86778522
-157.90951328
-171.64854160
-186.09549582
-201.26089818
-217.15517000
-96.64510154
-106.64760330
-117.29614806
-128.60202256
-140.57635010
-153.23010504
-166.57412450
-180.61912130
-195.37569631
-210.85434866
-227.06548069
-104.03909934
-114.32960571
-125.27007313
-136.87172503
-149.14563076
-162.10271831
-175.75378553
-190.10951296
-205.18047447
-220.97714326
-237.50990363
-111.92825494
-122.51128586
-133.74822531
-145.65022803
-158.22830588
-171.49333747
-185.45607833
-200.12717526
-215.51716954
-231.63650917
-248.49556028
-120.32099944
-131.20092252
-142.73873627
-154.94552368
-167.83223373
-181.40969196
-195.68861047
-210.67959690
-226.39315892
-242.83972052
-260.02962017
-129.22570198
-140.40675078
-152.24971144
-164.76558881
-177.96526704
-191.85951640
-206.45900189
-221.77428811
-237.81585044
-254.59408150
-272.11929490
-138.65067182
-150.13695988
-162.28921934
-175.11837649
-188.63524696
-202.85054335
-217.77487805
-233.41877373
-249.79266985
-266.90692448
-284.77182535
