-28.01189783
-31.43168852
-35.09143617
-38.99542473
-43.14785568
-48.31286287
-53.15786139
-57.13672885
-62.32354807
-67.77883387
-73.50642867
-30.75469045
-34.30462909
-38.15488124
-42.25605966
-46.62630306
-50.97680600
-56.19307571
-60.86806619
-66.15530818
-71.75453188
-77.62774625
-33.77907334
-37.46186836
-41.38827601
-45.56252012
-49.98877976
-54.67118171
-59.61390351
-64.82132472
-70.29817539
-76.04934360
-82.56458785
-37.09204485
-40.91077078
-44.97490767
-49.28865541
-53.85613376
-58.68140675
-63.76847250
-69.12128374
-74.74375072
-80.63974121
-86.81311896
-40.69992929
-44.65735148
-48.86201681
-53.31807839
-58.02963201
-63.00070562
-68.23528300
-73.73728965
-79.51061190
-85.55908961
-91.88652279
-44.60906692
-48.70783124
-53.05567454
-57.65672101
-62.51502349
-67.63459333
-73.01938185
-78.67330364
-84.60022027
-90.80395778
-97.28830484
-48.82576191
-53.06838654
-57.56195353
-62.31053406
-67.31816155
-72.58880680
-78.12640968
-83.93484829
-90.01797375
-96.37959410
-103.02348045
-53.35623803
-57.74514967
-62.38687460
-67.28545710
-72.44488231
-77.86910640
-83.56202235
-89.52750053
-95.76936556
-102.29140776
-109.09737909
-58.20665207
-62.74417946
-67.53642571
-72.58738090
-77.90100980
-83.48121550
-89.33188037
-95.45684069
-101.85990249
-108.54482888
-115.51536616
-63.38307599
-68.07148426
-73.01652874
-78.22216876
-83.69231533
-89.43085012
-95.44162051
-101.72843921
-108.29508026
-115.14529847
-122.28281759
-68.89151527
-73.73299730
-78.83306257
-84.19561957
-89.82454585
-95.72368748
-101.89685975
-108.34784194
-115.08039490
-122.09824882
-129.40510819
