2.42587225
2.811331265
3.227795435
3.67281974
4.14816915
4.656507925
5.19565695
5.766502725
6.37050719
7.01208332
9.516014065
2.40525896
2.8034136
3.233004645
3.69168022
4.18173545
4.70547143
5.2595754
5.84662514
6.471233195
7.12486588
9.906338665
2.3443305
2.756353675
3.197040655
3.669022185
4.17495761
4.710361005
5.27902799
5.88079192
6.52063165
7.19026988
10.21681402
2.245904955
2.66823536
3.121348555
3.60618456
4.12503001
4.67403849
5.25650431
5.87681026
6.52694897
7.211060685
7.930033225
2.106932965
2.540562915
3.00588521
3.50503482
4.0347873
4.596926155
5.19596303
5.82686619
6.491194975
7.19019648
7.922899555
1.92717066
2.37238107
2.84934819
3.36086724
3.90278284
4.47829337
5.09207081
5.73575663
6.41342397
9.40239159
7.874887415
1.705178115
2.1616308
2.652943825
3.174737825
3.729274885
4.322121925
4.945130245
5.601911275
6.29408361
7.021328435
7.783873305
1.43960866
1.90967469
2.41084416
2.944580375
3.51477325
4.117821485
4.75399716
5.425266475
6.13095317
6.8728536
7.65062872
1.130363575
1.610609025
2.123323345
2.66994487
3.25416675
3.8690834
5.625241025
5.203454025
5.923714405
6.67994219
7.472736615
0.772558975
1.26446935
1.7885513
2.35201769
2.945117675
4.38374316
4.236680185
4.935374425
5.6702619
6.44170983
7.25200951
0.366058015
0.868508005
1.409400675
1.981178475
2.58790031
3.22965599
3.90660678
4.619978915
5.369314755
6.15496166
6.981356555