-66.80468250
-75.44141396
-84.70469261
-94.60606651
-105.15688248
-116.36830727
-128.25133980
-140.81683107
-154.07550688
-168.03797428
-182.71472535
-71.85046900
-80.74974580
-90.27950338
-100.45124047
-111.27626599
-122.76570591
-134.93052917
-147.78156355
-161.32950429
-175.58494078
-190.55834502
-77.34886907
-86.51622356
-96.31795525
-106.76552191
-117.87018269
-129.64303152
-142.09500507
-155.23690326
-169.07940545
-183.63306915
-198.90835407
-83.30837481
-92.74910162
-102.82808865
-113.55674305
-124.94628309
-137.00776086
-149.75208300
-163.19002299
-177.33223688
-192.18926054
-207.77153844
-89.73751456
-99.45668737
-109.81800827
-120.83282107
-132.51230287
-144.86746362
-157.90917901
-171.64819803
-186.09513886
-201.26052888
-217.15479060
-96.64482168
-106.64731491
-117.29584940
-128.60171542
-140.57603191
-153.22977471
-166.57378209
-180.61876871
-195.37533260
-210.85397252
-227.06509239
-104.03881078
-114.32930809
-125.26976820
-136.87141059
-149.14530443
-162.10237894
-175.75343689
-190.10915249
-205.18010307
-220.97676029
-237.50950922
-111.92796168
-122.51098279
-133.74791308
-145.64990545
-158.22797106
-171.49299272
-185.45572175
-200.12680718
-215.51679123
-231.63611877
-248.49515978
-120.32069749
-131.20061325
-142.73841736
-154.94519135
-167.83189231
-181.40933920
-195.68824620
-210.67922105
-226.39277114
-242.83932269
-260.02921079
-129.22539423
-140.40643249
-152.24938229
-164.76524810
-177.96491596
-191.85915501
-206.45863006
-221.77390458
-237.81545557
-254.59367745
-272.11887755
-138.65035562
-150.13663328
-162.28887969
-175.11802841
-188.63488758
-202.85017314
-217.77449871
-233.41838202
-249.79226776
-266.90651020
-284.77139851
