-28.00682132
-31.42642385
-35.08598954
-38.98953233
-43.14183858
-48.30738998
-52.20859366
-57.12982770
-62.31641316
-67.77120311
-73.49901906
-30.74949221
-34.29925203
-38.14943110
-42.25021680
-46.62046944
-50.97034204
-55.75685434
-60.81921718
-66.14782558
-71.74663230
-77.62052377
-33.77377110
-37.45614248
-41.38235586
-45.55632545
-49.98247211
-54.66458656
-59.60683259
-64.81402178
-70.29054529
-76.03247206
-82.05418786
-37.08636323
-40.90490344
-44.96869401
-49.28242230
-53.84954148
-58.67444036
-63.76119750
-69.11352380
-74.73632816
-80.63226910
-86.80534117
-40.69408428
-44.65117201
-48.85574394
-53.31153890
-58.02272768
-62.99350378
-68.22760568
-73.72945781
-79.50323745
-85.55125571
-91.87871356
-44.60289257
-48.70157389
-53.04916093
-57.64985146
-62.50785021
-67.62697065
-73.01161217
-78.66599426
-84.59246150
-90.79589612
-97.28045808
-48.81949284
-53.06187176
-57.55509275
-62.30323053
-67.31056774
-72.58082734
-78.11914169
-83.92714082
-90.00980613
-96.37180991
-103.01524410
-53.34969521
-57.73827198
-62.37956396
-67.27786617
-72.43691567
-77.86185768
-83.55434385
-89.51937101
-95.76162428
-102.28322124
-109.08956649
-58.19973128
-62.73700137
-67.52881180
-72.57940147
-77.89375858
-83.47354314
-89.32376551
-95.44912131
-101.85174532
-108.53687083
-115.50716225
-63.37583930
-68.06382209
-73.00875930
-78.21489334
-83.68462569
-89.42272772
-95.43390204
-101.72029113
-108.28698733
-115.13711715
-122.27419965
-68.88377965
-73.72516568
-78.82574114
-84.18789187
-89.81639284
-95.71594893
-101.88869985
-108.33974571
-115.07221739
-122.08964186
-129.39622034
