2.12258903
2.47625105
2.856692585
3.265073125
3.70226539
4.16775081
4.662570345
5.18753322
5.74166153
6.326421685
6.94183095
2.08050024
2.44445444
2.83605628
3.255925355
3.70514902
4.183036665
4.69054804
5.228538815
5.796088375
6.39437881
7.0249893
2.00140926
2.37576729
2.77823546
3.20973154
3.670077825
4.159894915
4.68010396
5.230008015
5.8102713
6.42152737
7.06538693
1.885405945
2.270066505
2.68377115
3.125824055
3.59746321
4.09870121
4.63099185
5.192899875
5.78575682
6.411145605
7.06652415
1.731425545
2.12639754
2.550770635
3.003748045
3.48644067
4.000095215
4.54349678
5.117479575
5.722676175
6.360625525
7.028825965
1.53794375
1.94373476
2.3780874
2.842061845
3.33618892
3.86143795
4.41644206
5.002686205
5.62171964
6.270920995
6.95168296
1.30366595
1.719375495
2.164466115
2.639504915
3.14574405
3.681946105
4.24896275
4.847395875
5.478928765
6.140564375
6.834582855
1.025851595
1.45208087
1.90811316
2.39515011
2.91215898
3.45995314
4.039226965
4.651312315
5.294006605
5.96878832
6.675745195
0.70339063
1.140207495
1.60761508
2.10570606
2.634239505
3.19420015
3.78693784
4.410216215
5.065730875
5.75356603
6.474088675
0.33448918
0.7821497
1.26106652
1.77013165
2.31033228
2.882276025
3.487600815
4.12381708
4.79228573
5.493557185
6.227583355
-0.08244654
0.376715535
0.86598421
1.38662446
1.938846655
2.524532385
3.141197915
3.790349305
4.472138555
5.186865415
5.934667845