-28.01143737
-31.43120446
-35.09092814
-38.99489764
-43.14730214
-48.31235123
-53.15732605
-57.13612903
-62.32292259
-67.77818217
-73.50575841
-30.75421399
-34.30412837
-38.15437002
-42.25554129
-46.62576238
-50.97622457
-56.19250458
-60.86743217
-66.15466642
-71.75386233
-77.62706503
-33.77857574
-37.46135193
-41.38773175
-45.56196124
-49.98819966
-54.67059174
-59.61329387
-64.82068365
-70.29750494
-76.04866378
-82.56392464
-37.09152960
-40.91022932
-44.97434180
-49.28807468
-53.85555476
-58.68080224
-63.76783407
-69.12062773
-74.74307311
-80.63905221
-86.81240189
-40.69938881
-44.65678679
-48.86143831
-53.31749451
-58.02903137
-63.00007559
-68.23463181
-73.73661495
-79.50992819
-85.55837900
-91.88577395
-44.60850141
-48.70725436
-53.05509038
-57.65612105
-62.51439248
-67.63394213
-73.01870633
-78.67261775
-84.59951794
-90.80321427
-97.28752571
-48.82518375
-53.06780467
-57.56135434
-62.30990535
-67.31751334
-72.58813218
-78.12572518
-83.93414655
-90.01723680
-96.37882131
-103.02271844
-53.35565385
-57.74454900
-62.38624518
-67.28480913
-72.44420639
-77.86842242
-83.56131781
-89.52676844
-95.76859511
-102.29065128
-109.09659013
-58.20604970
-62.74354664
-67.53577526
-72.58670628
-77.90032559
-83.48051173
-89.33114981
-95.45607344
-101.85914934
-108.54404484
-115.51456487
-63.38244457
-68.07083436
-73.01585324
-78.22148357
-83.69161522
-89.43011890
-95.44085335
-101.72768731
-108.29429773
-115.14449979
-122.28199064
-68.89085872
-73.73232271
-78.83237555
-84.19492087
-89.82381084
-95.72291730
-101.89610634
-108.34705907
-115.07959659
-122.09742087
-129.40425605
