167 dispersion energies	qa	qb	eV	eV	vs 221		qa	qb		eV	vs 221		qa	qb		eV	vs221		221	0.1	0.2	0.3
C_0.1	0.5	1.5	-13.96064786	-27.92129571	3.069131995	C_0.2	0.5	1.5	-14.23847227	-28.47694453	3.090252915	C_0.3	0.5	1.5	-15.51701245	-31.03402489	2.133899975			-17.02977985	-17.32872518	-17.65091242
	0.5	1.6	-17.3630518	-34.72610359	1.894400485		0.5	1.6	-17.12409828	-34.24819655	2.459486555		0.5	1.6	-16.31815529	-32.63631058	3.61727425			-19.25745228	-19.58358483	-19.93542954
	0.5	1.7	-18.87205542	-37.74411083	2.775849955		0.5	1.7	-18.29918188	-36.59836375	3.704295885		0.5	1.7	-18.86012388	-37.72024775	3.527979435			-21.64790537	-22.00347776	-22.38810331
	0.5	1.8	-21.02669006	-42.05338011	3.178265225		0.5	1.8	-20.3718406	-40.7436812	4.22070233		0.5	1.8	-21.70217041	-43.40434081	3.307185535			-24.20495528	-24.59254293	-25.00935594
	0.5	1.9	-23.32303921	-46.64607841	3.609117315		0.5	1.9	-23.65551718	-47.31103436	3.69649766		0.5	1.9	-24.04719662	-48.09439324	3.75648971			-26.93215652	-27.35201484	-27.80368633
	0.5	2	-26.53744212	-53.07488423	3.294131435		0.5	2	-24.18521396	-48.37042791	6.100638895		0.5	2	-26.53816521	-53.07633042	4.23791493			-29.83157355	-30.28585285	-30.77608014
	0.5	2.1	-26.09512469	-52.19024937	6.811502465		0.5	2.1	-28.73065076	-57.46130152	4.66767742		0.5	2.1	-29.17726436	-58.35452871	4.749043615			-32.90662715	-33.39832818	-33.92630797
	0.5	2.2	-31.08730528	-62.17461055	5.073637245		0.5	2.2	-31.49207714	-62.98415428	5.19811855		0.5	2.2	-31.96734693	-63.93469385	5.291232945			-36.16094252	-36.69019569	-37.25857987
	0.5	2.3	-33.97504073	-67.95008145	5.621040585		0.5	2.3	-34.4056644	-68.8113288	5.75953345		0.5	2.3	-34.91089676	-69.82179351	5.865274835			-39.59608131	-40.16519785	-40.77617159
	0.5	2.4	-37.01706468	-74.03412935	6.198445485		0.5	2.4	-37.47448797	-74.94897593	6.351934565		0.5	2.4	-35.21244977	-70.42489953	9.274121525			-43.21551016	-43.82642253	-44.48657129
	0.5	2.5	-36.8521255	-73.70425099	10.16994766		0.5	2.5	-40.70029009	-81.40058018	6.97946038		0.5	2.5	-42.30026427	-84.60052854	6.083767			-47.02207315	-47.67975047	-48.38403127
	0.6	1.5	-16.25796714	-32.51593428	2.00824305		0.6	1.5	-16.51343916	-33.02687831	2.066552015		0.6	1.5	-16.80880191	-33.61760382	2.10989638			-18.26621019	-18.57999117	-18.91869829
	0.6	1.6	-18.54916077	-37.09832154	2.01002839		0.6	1.6	-17.57056671	-35.14113341	3.330843195		0.6	1.6	-18.10786483	-36.21572966	3.16250572			-20.55918916	-20.9014099	-21.27037055
	0.6	1.7	-20.26398294	-40.52796587	2.752694135		0.6	1.7	-19.58919662	-39.17839323	3.799719165		0.6	1.7	-20.89906381	-41.79812761	2.892284165			-23.01667707	-23.38891578	-23.79134797
	0.6	1.8	-22.47499372	-44.94998743	3.166783965		0.6	1.8	-21.70071164	-43.40142328	4.34596637		0.6	1.8	-23.15518614	-46.31037228	3.32672182			-25.64177768	-26.04667801	-26.48190796
	0.6	1.9	-23.39473204	-46.78946408	5.04332321		0.6	1.9	-23.94956012	-47.89912024	4.92627426		0.6	1.9	-25.55453188	-51.10906375	3.792070845			-28.43805525	-28.87583438	-29.34660272
	0.6	2	-28.4419444	-56.88388879	2.965578175		0.6	2	-25.76209422	-51.52418843	6.118281895		0.6	2	-28.10094246	-56.20188491	4.289821815			-31.40752257	-31.88037611	-32.39076427
	0.6	2.1	-27.74391402	-55.48782804	6.80969784		0.6	2.1	-30.35360103	-60.70720206	4.71119608		0.6	2.1	-30.79664579	-61.59329158	4.81653064			-34.55361186	-35.06479711	-35.61317643
	0.6	2.2	-32.76643054	-65.53286107	5.113555775		0.6	2.2	-33.17230883	-66.34461766	5.25689987		0.6	2.2	-31.37112769	-62.74225537	7.647806325			-37.87998631	-38.4292087	-39.01893401
	0.6	2.3	-32.97746839	-65.95493677	8.410622985		0.6	2.3	-36.14415974	-72.28831948	5.83376685		0.6	2.3	-34.12169257	-68.24338513	8.493700385			-41.38809137	-41.97792659	-42.61539295
	0.6	2.4	-35.78350506	-71.56701012	9.2979642		0.6	2.4	-36.36802356	-72.73604712	9.34872823		0.6	2.4	-37.01639471	-74.03278942	9.38073135			-45.08146926	-45.71675179	-46.39712606
	0.6	2.5	-38.73078466	-77.46156931	10.23360175		0.6	2.5	-39.35974227	-78.71948454	10.28323644		0.6	2.5	-40.05583334	-80.11166668	10.31530613			-48.9643864	-49.64297871	-50.37113947
	0.7	1.5	-17.68521699	-35.37043397	1.925013955		0.7	1.5	-18.126521	-36.253042	1.8142167		0.7	1.5	-17.57789597	-35.15579194	2.71933964			-19.61023094	-19.9407377	-20.29723561
	0.7	1.6	-20.19944382	-40.39888764	1.7711638		0.7	1.6	-20.34730253	-40.69460505	1.982818265		0.7	1.6	-19.52766807	-39.05533614	3.19128825			-21.97060762	-22.33012079	-22.71895632
	0.7	1.7	-21.80579371	-43.61158742	2.69071866		0.7	1.7	-22.11114109	-44.22228217	2.776481185		0.7	1.7	-21.59347731	-43.18695461	3.714704445			-24.49651237	-24.88762227	-25.30818175
	0.7	1.8	-24.0747626	-48.14952519	3.116770325		0.7	1.8	-25.06648313	-50.13296626	2.54800193		0.7	1.8	-24.77238486	-49.54476971	3.297068135			-27.19153292	-27.61448506	-28.06945299
	0.7	1.9	-24.98667483	-49.97334966	5.07107828		0.7	1.9	-27.62557359	-55.25114717	2.889129975		0.7	1.9	-27.22907183	-54.45814365	3.778954475			-30.05775311	-30.51470356	-31.0080263
	0.7	2	-27.21995497	-54.43990994	5.87866789		0.7	2	-28.28804099	-56.57608198	5.30468674		0.7	2	-29.83321999	-59.66643998	4.28974083			-33.09862286	-33.59272773	-34.12296082
	0.7	2.1	-29.67629081	-59.35258162	6.64152052		0.7	2.1	-30.14102582	-60.28205163	6.707846615		0.7	2.1	-30.65224991	-61.30449981	6.766956515			-36.31781133	-36.84887243	-37.41920642
	0.7	2.2	-32.26656661	-64.53313322	7.45027354		0.7	2.2	-32.76593824	-65.53187647	7.521416335		0.7	2.2	-33.31707099	-66.63414197	7.582750625			-39.71684015	-40.28735457	-40.89982161
	0.7	2.3	-34.99118136	-69.98236272	8.30807258		0.7	2.3	-35.52837537	-71.05675074	8.38275571		0.7	2.3	-38.55461797	-77.10923594	6.01770032			-43.29925394	-43.91113108	-44.57231829
	0.7	2.4	-37.85355649	-75.70711297	9.214339565		0.7	2.4	-38.43098807	-76.86197613	9.295113655		0.7	2.4	-39.07365695	-78.1473139	9.35728968			-47.06789605	-47.72610172	-48.43094663
	0.7	2.5	-40.85605601	-81.71211202	10.17102223		0.7	2.5	-41.47719291	-82.95438582	10.25215842		0.7	2.5	-42.1621877	-84.3243754	10.32067713			-51.02707824	-51.72935133	-52.48286483
	0.8	1.5	-18.50801586	-37.01603172	2.55654997		0.8	1.5	-19.67151606	-39.34303212	1.7414794		0.8	1.5	-19.1815746	-38.36314919	2.608254635			-21.06456583	-21.41299546	-21.78982923
	0.8	1.6	-21.31038712	-42.62077424	2.18328792		0.8	1.6	-21.61206527	-43.22413053	2.260540575		0.8	1.6	-21.95163298	-43.90326596	2.32866794			-23.49367504	-23.87260584	-24.28030092
	0.8	1.7	-23.49849657	-46.99699314	2.5913112		0.8	1.7	-24.04767167	-48.09534334	2.4519252		0.8	1.7	-23.18428202	-46.36856404	3.75625882			-26.08980777	-26.49959687	-26.94054084
	0.8	1.8	-24.55023989	-49.10047978	4.30487646		0.8	1.8	-24.95943556	-49.91887112	4.33840617		0.8	1.8	-26.55217437	-53.10434873	3.221707565			-28.85511635	-29.29784173	-29.77388193
	0.8	1.9	-26.83171932	-53.66343863	4.961352445		0.8	1.9	-27.25556731	-54.51113461	5.014889355		0.8	1.9	-29.06886624	-58.13773248	3.71683221			-31.79307176	-32.27045666	-32.78569845
	0.8	2	-29.23369161	-58.46738321	5.672963025		0.8	2	-29.68090108	-59.36180216	5.74106836		0.8	2	-31.73290521	-63.46581042	4.24184471			-34.90665463	-35.42196944	-35.97474992
	0.8	2.1	-31.76046264	-63.52092527	6.439092655		0.8	2.1	-32.23795343	-64.47590685	6.514533185		0.8	2.1	-34.54812457	-69.09624914	4.79804823			-38.19955529	-38.75248661	-39.3461728
	0.8	2.2	-34.41925267	-68.83850534	7.25397627		0.8	2.2	-34.92898209	-69.85796417	7.337373995		0.8	2.2	-37.51529369	-75.03058738	5.39207087			-41.67322894	-42.26635608	-42.90736456
	0.8	2.3	-37.21220138	-74.42440275	8.119041015		0.8	2.3	-37.75672744	-75.51345488	8.21268217		0.8	2.3	-40.63856153	-81.27712305	6.014301245			-45.33124239	-45.96940961	-46.65286277
	0.8	2.4	-40.14115199	-80.28230397	9.036732925		0.8	2.4	-40.72259614	-81.44519228	9.13633362		0.8	2.4	-43.92068062	-87.84136123	6.669035135			-49.17788491	-49.85892976	-50.58971575
	0.8	2.5	-43.20859983	-86.41719965	10.00456176		0.8	2.5	-48.27927852	-96.55855704	5.66122345		0.8	2.5	-47.36241442	-94.72482883	7.358449215			-53.21316158	-53.94050197	-54.72086363
	0.9	1.5	-20.98726593	-41.97453185	1.643983775		0.9	1.5	-21.28915901	-42.57831801	1.709649095		0.9	1.5	-21.62567902	-43.25135804	1.77056023			-22.6312497	-22.9988081	-23.39623925
	0.9	1.6	-23.0966541	-46.1933082	2.03371865		0.9	1.6	-23.54010818	-47.08021636	1.98901564		0.9	1.6	-23.77401003	-47.54802005	2.183801655			-25.13037275	-25.52912382	-25.95781168
	0.9	1.7	-25.34507152	-50.69014304	2.45248415		0.9	1.7	-25.68449747	-51.36899494	2.54322715		0.9	1.7	-26.06283051	-52.12566101	2.627552185			-27.79755567	-28.22772462	-28.69038269
	0.9	1.8	-26.59228756	-53.18457511	4.042601115		0.9	1.8	-28.09425875	-56.1885175	3.00438793		0.9	1.8	-28.49589973	-56.99179946	3.10339382			-30.63488867	-31.09864668	-31.59929355
	0.9	1.9	-28.93337487	-57.86674973	4.712478745		0.9	1.9	-29.37702741	-58.75405482	4.76937834		0.9	1.9	-31.07421326	-62.14842652	3.60924074			-33.64585361	-34.14640575	-34.683454
	0.9	2	-31.40326749	-62.80653497	5.430882135		0.9	2	-31.87607034	-63.75214067	5.495148965		0.9	2	-33.80032908	-67.60065816	4.14763907			-36.83414962	-37.3712193	-37.94796815
	0.9	2.1	-34.00394815	-68.00789629	6.197353785		0.9	2.1	-34.50869712	-69.01739424	6.2687247		0.9	2.1	-36.67771036	-73.35542071	4.721473525			-40.20130193	-40.77742182	-41.39918388
	0.9	2.2	-36.73810111	-73.47620221	7.012782085		0.9	2.2	-37.27405322	-74.54810643	7.094949845		0.9	2.2	-39.70821211	-79.41642422	5.32653576			-43.75088319	-44.36900306	-45.03474787
	0.9	2.3	-39.60625491	-79.21250981	7.879499965		0.9	2.3	-40.17549199	-80.35098397	7.973285535		0.9	2.3	-40.78886803	-81.57773605	8.069897785			-47.48575487	-48.14877752	-48.85876581
	0.9	2.4	-42.61100895	-85.2220179	8.79924609		0.9	2.4	-43.21594725	-86.4318945	8.90097672		0.9	2.4	-43.86674045	-87.73348089	9.008404345			-51.41025504	-52.11692397	-52.87514479
	0.9	2.5	-46.81639134	-93.63278268	8.70788478		0.9	2.5	-46.47698228	-92.95396456	9.80110912		0.9	2.5	-51.15283318	-102.3056664	5.933987895			-55.52427612	-56.2780914	-57.08682107
	1	1.5	-22.86858721	-45.73717442	1.44373314		1	1.5	-23.19222812	-46.38445623	1.508977515		1	1.5	-23.54956172	-47.09912343	1.569837125			-24.31232035	-24.70120563	-25.11939884
	1	1.6	-25.03887842	-50.07775684	1.8443034		1	1.6	-25.38112316	-50.76224631	1.921332475		1	1.6	-25.7592748	-51.51854959	1.994229555			-26.88318182	-27.30245563	-27.75350435
	1	1.7	-27.34918281	-54.69836562	2.27297397		1	1.7	-27.71033114	-55.42066227	2.363630085		1	1.7	-28.11034139	-56.22068277	2.449337965			-29.62215678	-30.07396122	-30.55967935
	1	1.8	-28.77270731	-57.54541461	3.760040715		1	1.8	-30.3769061	-60.75381219	2.641907225		1	1.8	-30.6054278	-61.21085559	2.937925895			-32.53274802	-33.01881332	-33.54335369
	1	1.9	-31.18731733	-62.37463465	4.430638705		1	1.9	-31.65758024	-63.31516047	4.484001125		1	1.9	-33.24618901	-66.49237802	3.45703103			-35.61795603	-36.14158136	-36.70322004
	1	2	-33.73161102	-67.46322204	5.14988988		1	2	-34.23316884	-68.46633768	5.20917143		1	2	-36.03592933	-72.07185865	4.008543175			-38.8815009	-39.44234027	-40.0444725
	1	2.1	-36.40828167	-72.81656333	5.916552885		1	2.1	-36.94039614	-73.88079227	5.985083835		1	2.1	-37.51185439	-75.02370878	6.06272446			-42.32483455	-42.92547997	-43.57457885
	1	2.2	-39.21787776	-78.43575551	6.733674965		1	2.2	-39.78261437	-79.56522874	6.81426666		1	2.2	-40.38937979	-80.77875958	6.89859829			-45.95155272	-46.59688103	-47.28797808
	1	2.3	-42.16300353	-84.32600706	7.60297234		1	2.3	-42.76141355	-85.5228271	7.69236099		1	2.3	-46.25489182	-92.50978363	4.936898635			-49.76597587	-50.45377454	-51.19179045
	1	2.4	-45.24556777	-90.49113553	8.522527565		1	2.4	-45.87884031	-91.75768061	8.622954615		1	2.4	-46.56302753	-93.12605506	8.72594181			-53.76809533	-54.50179492	-55.28896934
	1	2.5	-51.16677487	-102.3335497	6.79530828		1	2.5	-49.95931724	-99.91863448	8.7844862		1	2.5	-53.58148461	-107.1629692	6.000962545			-57.96208315	-58.74380344	-59.58244715
	1.1	1.5	-24.90836222	-49.81672444	1.20193265		1.1	1.5	-25.25635594	-50.51271188	1.26397332		1.1	1.5	-25.63807645	-51.2761529	1.3234581			-26.11029487	-26.52032926	-26.96153455
	1.1	1.6	-27.14074466	-54.28148932	1.61238766		1.1	1.6	-27.50776975	-55.0155395	1.68687909		1.1	1.6	-27.91036401	-55.82072802	1.75903655			-28.75313232	-29.19464884	-29.66940056
	1.1	1.7	-29.51394914	-59.02789827	2.051608375		1.1	1.7	-29.89970338	-59.79940675	2.140565645		1.1	1.7	-30.32467427	-60.64934853	2.227972965			-31.56555751	-32.04026902	-32.55264723
	1.1	1.8	-31.11223486	-62.22446971	3.438365115		1.1	1.8	-31.58161259	-63.16322517	3.480137395		1.1	1.8	-32.88292541	-65.76585081	2.727166335			-34.55059997	-35.06174998	-35.61009174
	1.1	1.9	-33.60166398	-67.20332796	4.11032514		1.1	1.9	-34.10169753	-68.20339505	4.157563375		1.1	1.9	-35.58805039	-71.17610077	3.258852815			-37.71198912	-38.2592609	-38.8469032
	1.1	2	-36.22234619	-72.44469238	4.8288919		1.1	2	-36.75233296	-73.50466592	4.88484974		1.1	2	-37.62047058	-75.24094116	4.64999246			-41.05123809	-41.6371827	-42.27046304
	1.1	2.1	-38.97495449	-77.94990897	5.596995635		1.1	2.1	-39.53687674	-79.07375347	5.664387705		1.1	2.1	-40.14016598	-80.28033196	5.73527153			-44.57195012	-45.20126444	-45.87543751
	1.1	2.2	-41.86199023	-83.72398046	6.41501212		1.1	2.2	-42.45729517	-84.91459034	6.49184678		1.1	2.2	-43.10064748	-86.20129496	6.56821859			-48.27700235	-48.94914195	-49.66886607
	1.1	2.3	-46.84242689	-93.68485377	5.328339765		1.1	2.3	-45.51842502	-91.03685003	7.367732555		1.1	2.3	-46.19638133	-92.39276265	7.457338085			-52.17076665	-52.88615757	-53.65371941
	1.1	2.4	-51.48884692	-102.9776938	4.76426505		1.1	2.4	-51.91778113	-103.8355623	5.097490865		1.1	2.4	-49.43349008	-98.86698015	8.399455645			-56.25311197	-57.01527199	-57.83294572
	1.1	2.5	-53.85818807	-107.7163761	6.67007398		1.1	2.5	-54.42559994	-108.8511999	6.91374164		1.1	2.5	-52.80211187	-105.6042237	9.40736138			-60.52826205	-61.33934158	-62.20947325
	1.2	1.5	-27.11026508	-54.22053016	0.91599936		1.2	1.5	-27.48519079	-54.97038158	0.97396203		1.2	1.5	-27.8947731	-55.7895462	1.02993579			-28.02626444	-28.45915282	-28.92470889
	1.2	1.6	-29.40610711	-58.81221422	1.33657165		1.2	1.6	-29.80003924	-59.60007848	1.40766767		1.2	1.6	-30.23039618	-60.46079236	1.47931781			-30.74267876	-31.20770691	-31.70971399
	1.2	1.7	-31.90874581	-63.81749162	1.72095875		1.2	1.7	-32.25606968	-64.51213936	1.87399765		1.2	1.7	-32.70873056	-65.41746112	1.95818325			-33.62970456	-34.13006733	-34.66691381
	1.2	1.8	-33.61389304	-67.22778608	3.07718741		1.2	1.8	-34.11406787	-68.22813573	3.112417975		1.2	1.8	-35.33174651	-70.66349301	2.469711295			-36.69108045	-37.22648584	-37.8014578
	1.2	1.9	-36.18007692	-72.36015384	3.74829811		1.2	1.9	-36.70957261	-73.41914521	3.791764915		1.2	1.9	-38.1035975	-76.207195	3.01528542			-39.92837503	-40.50133752	-41.11888292
	1.2	2	-38.87712419	-77.75424837	4.468076045		1.2	2	-39.43791318	-78.87582636	4.51969347		1.2	2	-40.03998996	-80.07997992	4.57937361			-43.34520023	-43.95760665	-44.61936357
	1.2	2.1	-41.70754154	-83.41508307	5.236913875		1.2	2.1	-42.30106441	-84.60212881	5.300173355		1.2	2.1	-43.18843637	-86.37687273	5.116126635			-46.94445541	-47.60123776	-48.304563
	1.2	2.2	-46.23163371	-92.46326742	4.49886439		1.2	2.2	-45.30193522	-90.60387044	6.12743293		1.2	2.2	-45.97919851	-91.95839701	6.200039205			-50.7304981	-51.42936815	-52.17923771
	1.2	2.3	-49.56857772	-99.13715544	5.13470712		1.2	2.3	-48.44264745	-96.88529489	7.005050455		1.2	2.3	-49.15621028	-98.31242056	7.09014131			-54.70328484	-55.4476979	-56.24635159
	1.2	2.4	-53.0647566	-106.1295132	5.80226844		1.2	2.4	-54.60416128	-109.2083226	5.054938695		1.2	2.4	-54.26676945	-108.5335389	6.242077945			-58.86702504	-59.65909997	-60.50884739
	1.2	2.5	-56.72238515	-113.4447703	6.50212189		1.2	2.5	-57.31902023	-114.6380405	6.74740543		1.2	2.5	-57.9787726	-115.9575452	6.99087639			-63.22450704	-64.06642566	-64.96964899
	1.3	1.5	-29.47810028	-58.95620056	0.58460312		1.3	1.5	-29.88273638	-59.76547276	0.6369759		1.3	1.5	-30.322246	-60.64449199	0.690854065			-30.0627034	-30.51971228	-31.01310006
	1.3	1.6	-31.83799591	-63.67599181	1.015805335		1.3	1.6	-32.26159085	-64.52318169	1.083220865		1.3	1.6	-32.7230629	-65.44612579	1.149137435			-32.85380124	-33.34481171	-33.87220033
	1.3	1.7	-33.76831122	-67.53662243	2.048577665		1.3	1.7	-34.78327139	-69.56654278	1.55921369		1.3	1.7	-35.26746576	-70.53493151	1.639128985			-35.81688888	-36.34248508	-36.90659474
	1.3	1.8	-36.28140892	-72.56281783	2.673271405		1.3	1.8	-36.81204585	-73.6240917	2.70432193		1.3	1.8	-37.95681666	-75.91363332	2.1625892			-38.95468032	-39.51636778	-40.11940586
	1.3	1.9	-38.92424165	-77.84848329	3.345457455		1.3	1.9	-39.48557637	-78.97115274	3.38413223		1.3	1.9	-40.08823686	-80.17647371	3.429886275			-42.2696991	-42.8697086	-43.51812313
	1.3	2	-41.69943878	-83.39887755	4.065792285		1.3	2	-42.29286842	-84.58573683	4.115540435		1.3	2	-42.934202	-85.868404	4.16300828			-45.76523106	-46.40840885	-47.09721028
	1.3	2.1	-44.60892991	-89.21785982	4.83669223		1.3	2.1	-45.23694975	-90.4738995	4.89279234		1.3	2.1	-45.9133004	-91.82660079	4.950519465			-49.44562214	-50.12974209	-50.86381986
	1.3	2.2	-49.06306008	-98.12612016	4.24784814		1.3	2.2	-48.31959548	-96.63919096	5.71977336		1.3	2.2	-49.03166215	-98.0633243	5.78926842			-53.31090822	-54.03936884	-54.82093057
	1.3	2.3	-52.46883214	-104.9376643	4.896455545		1.3	2.3	-51.54005153	-103.0801031	6.60012665		1.3	2.3	-53.6836167	-107.3672334	5.287882405			-57.36528768	-58.14017818	-58.9714991
	1.3	2.4	-56.03439237	-112.0687847	5.577173405		1.3	2.4	-56.63852011	-113.2770402	5.79651633		1.3	2.4	-57.30263788	-114.6052758	6.01582443			-61.61156577	-62.43503644	-63.31846231
	1.3	2.5	-59.7621332	-119.5242664	6.29039143		1.3	2.5	-60.39200281	-120.7840056	6.534786455		1.3	2.5	-61.0851444	-122.1702888	6.77959502			-66.05252463	-66.92678926	-67.86473942
	1.4	1.5	-32.01561336	-64.03122671	0.206003805		1.4	1.5	-32.45210537	-64.90421074	0.25192782		1.4	1.5	-32.92585617	-65.85171233	0.298808235			-32.22161716	-32.70403319	-33.2246644
	1.4	1.6	-34.44059846	-68.88119692	0.64787247		1.4	1.6	-34.89648776	-69.79297551	0.709423465		1.4	1.6	-35.39295256	-70.78590511	0.768004555			-35.08847093	-35.60591122	-36.16095711
	1.4	1.7	-37.00777503	-74.01555005	1.120981575		1.4	1.7	-37.48512394	-74.97024787	1.195742465		1.4	1.7	-38.00283265	-76.0056653	1.27084259			-38.1287566	-38.6808664	-39.27367524
	1.4	1.8	-39.11637641	-78.23275282	2.22762219		1.4	1.8	-39.67993742	-79.35987484	2.25338722		1.4	1.8	-40.76036574	-81.52073148	1.80987743			-41.3439986	-41.93332464	-42.57024317
	1.4	1.9	-41.83767001	-83.67534001	2.900166645		1.4	1.9	-42.43269521	-84.86539042	2.93644814		1.4	1.9	-43.07574548	-86.15149095	2.969541235			-44.73783665	-45.36914335	-46.04528671
	1.4	2	-44.69223869	-89.38447738	3.62093765		1.4	2	-45.32213809	-90.64427617	3.663594525		1.4	2	-45.99859943	-91.99719885	3.707302305			-48.31317634	-48.98573261	-49.70590173
	1.4	2.1	-48.75280075	-97.50560149	3.321614825		1.4	2.1	-48.34728045	-96.69456089	4.441421235		1.4	2.1	-49.05968322	-98.11936644	4.49539699			-52.07441557	-52.78870168	-53.55508021
	1.4	2.2	-52.07050063	-104.1410013	3.95095209		1.4	2.2	-51.51011858	-103.0202372	5.270842		1.4	2.2	-52.36867027	-104.7373405	5.227121265			-56.02145272	-56.78096058	-57.59579153
	1.4	2.3	-55.54626675	-111.0925335	4.612272925		1.4	2.3	-56.16072257	-112.3214451	4.80466735		1.4	2.3	-55.60441509	-111.2088302	6.22656962			-60.15853967	-60.96538992	-61.83098471
	1.4	2.4	-59.18218949	-118.364379	5.30628442		1.4	2.4	-59.82188057	-119.6437611	5.522968345		1.4	2.4	-60.52301309	-121.0460262	5.74057731			-64.48847391	-65.34484891	-66.2635904
	1.4	2.5	-62.98132864	-125.9626573	6.03270237		1.4	2.5	-63.64741569	-127.2948314	6.274761605		1.4	2.5	-64.37745839	-128.7549168	6.521966595			-69.01403101	-69.92217729	-70.89942498
	1.5	1.5	-34.72627844	-69.45255687	-0.221281355		1.5	1.5	-35.19795629	-70.39591258	-0.18234286		1.5	1.5	-35.70949225	-71.41898449	-0.146105795			-34.50499708	-35.01561343	-35.56338645
	1.5	1.6	-37.21737767	-74.43475534	0.23200984		1.5	1.6	-37.70948625	-75.4189725	0.28412282		1.5	1.6	-38.24312538	-76.48625076	0.33486888			-37.44938751	-37.99360907	-38.57799426
	1.5	1.7	-39.45381624	-78.90763248	1.11300281		1.5	1.7	-40.02128544	-80.04257087	1.125880095		1.5	1.7	-40.92111906	-81.84223811	0.853049655			-40.56681905	-41.14716553	-41.77416871
	1.5	1.8	-42.12243297	-84.24486593	1.738503605		1.5	1.8	-42.7207437	-85.44148739	1.759995795		1.5	1.8	-43.36733004	-86.73466008	1.78010229			-43.86093657	-44.48073949	-45.14743233
	1.5	1.9	-44.92332966	-89.84665931	2.411330975		1.5	1.9	-45.55678562	-91.11357123	2.439156075		1.5	1.9	-46.23521003	-92.47042006	2.4688603			-47.33466063	-47.99594169	-48.70407033
	1.5	2	-48.63829138	-97.27658276	2.35408642		1.5	2	-48.52573804	-97.05147607	3.168514725		1.5	2	-49.24031243	-98.48062485	3.207027515			-50.9923778	-51.69425276	-52.44733994
	1.5	2.1	-51.87014116	-103.7402823	2.96391074		1.5	2.1	-52.47361453	-104.9472291	3.1063482		1.5	2.1	-52.38460587	-104.7692117	3.99561553			-54.8340519	-55.57996273	-56.3802214
	1.5	2.2	-55.25801969	-110.5160394	3.60590582		1.5	2.2	-55.8856954	-111.7713908	3.770269585		1.5	2.2	-55.67005022	-111.3401004	4.835624145			-58.86392551	-59.65596498	-60.50567436
	1.5	2.3	-58.80434896	-117.6086979	4.28046141		1.5	2.3	-59.45732486	-118.9146497	4.467806385		1.5	2.3	-60.16971994	-120.3394399	4.65691976			-63.08481037	-63.92513124	-64.8266397
	1.5	2.4	-62.51186154	-125.0237231	4.987634215		1.5	2.4	-63.19107975	-126.3821595	5.199233305		1.5	2.4	-63.93161246	-127.8632249	5.414428955			-67.49949575	-68.39031305	-69.34604141
	1.5	2.5	-66.38279859	-132.7655972	5.727951565		1.5	2.5	-67.08844758	-134.1768952	5.96589629		1.5	2.5	-67.85939636	-135.7187927	6.210407785			-72.11075015	-73.05434387	-74.06980414