2.35194519
2.727291215
3.13142233
3.565851895
4.028975615
4.522412295
5.04783475
5.60310688
6.190157065
6.809357845
7.46397364
2.322024025
2.70893406
3.124932865
3.57168429
4.04771752
4.55438786
5.09363769
5.662778165
6.26419609
6.900825055
7.567437455
2.255520705
2.65361503
3.081828555
3.53972246
4.02816264
4.54877577
5.09977056
5.682344275
6.297383205
6.94801924
7.62880288
2.152362265
2.562218645
3.001098325
3.470652045
3.97086581
4.504141815
5.067789765
5.66334944
6.29458157
6.955988005
7.65061121
2.01154144
2.432469645
2.88265302
3.36342644
3.87723737
4.42136816
4.997338025
5.607038165
6.25049935
6.925224705
7.63349274
1.83261833
2.263577205
2.724779905
3.21737676
3.74319128
4.299583795
4.887995085
5.512464185
6.16730883
6.85548165
7.577028555
1.61196694
2.053728735
2.52643054
3.03220538
3.56862669
4.1371224
4.741277445
5.375988095
6.04373077
6.745432485
7.481153485
1.3488877
1.80159963
2.287329975
2.80359348
3.35187568
3.933075065
4.550299185
5.19773444
5.879120175
6.59434335
7.344040455
1.041611975
1.506815805
2.002953645
2.5312248
3.091850625
3.68826597
4.31552801
4.97630876
5.671346045
6.40064407
7.164656055
0.68841982
1.165312605
1.673091405
2.21289632
2.78896187
3.395498265
4.035900925
4.710393565
5.419123
6.162659325
6.94084841
0.289335
0.776230925
1.295227765
1.84906452
2.436163705
3.055961365
3.70982157
4.39794525
5.12076655
5.87845132
6.67154528