-32.09559680
-36.32992115
-40.88902115
-45.78099536
-51.01386143
-56.59592450
-62.53543965
-68.84083204
-75.52055431
-82.58277497
-90.03646557
-34.44824483
-38.80011259
-43.47928871
-48.49397958
-53.85199801
-59.56176197
-65.63163171
-72.06976335
-78.88467965
-86.08531626
-93.67963289
-37.02104085
-41.49097450
-46.29047011
-51.42807410
-56.91149726
-62.74915130
-68.94945101
-75.52057350
-82.47119528
-89.80956450
-97.54464013
-39.82244818
-44.41055143
-49.33086302
-54.59149501
-60.20059609
-66.16667555
-72.49763739
-79.20190333
-86.28795939
-93.76438411
-101.64016438
-42.85967202
-47.56662832
-52.60817257
-57.99275450
-63.72788327
-69.82222357
-76.28385542
-83.12145584
-90.34340486
-97.95803439
-105.97507791
-46.14098025
-50.96730520
-56.13054651
-61.63883070
-67.50032971
-73.72340282
-80.31631133
-87.28769025
-94.64533849
-102.39887222
-110.55596021
-49.67293587
-54.61915269
-59.90457084
-65.53732055
-71.52569980
-77.87813695
-84.60252928
-91.70724086
-99.20135520
-107.09309066
-115.39144606
-53.45751731
-58.52946447
-63.93757591
-69.69548977
-75.81107773
-82.29277300
-89.14926483
-96.38838371
-104.01900038
-112.04944414
-120.48857762
-57.48868780
-62.69934119
-68.23681621
-74.12007191
-80.36349429
-86.97514892
-93.96389420
-101.33714545
-109.10424502
-117.27348823
-125.85403600
-61.77179766
-67.12277818
-72.80235806
-78.81749019
-85.18939832
-91.93151872
-99.05220706
-106.56038043
-114.46425171
-122.77285657
-131.49506241
-66.31142719
-71.80350112
-77.62712342
-83.78883499
-90.29499198
-97.16770614
-104.42130157
-112.06484280
-120.10605618
-128.55434408
-137.41836756
