0.89416945
0.996136585
1.098263115
1.20007549
1.300945825
1.39907924
1.493606665
1.58322554
1.667105065
1.742993875
1.809700495
0.949412975
1.057981275
1.166933485
1.27526001
1.382438245
1.486578665
1.586764455
1.682323675
1.770890285
1.85129755
1.922368635
1.002051215
1.11881403
1.235848245
1.35229428
1.46667698
1.57807726
1.685221305
1.78743852
1.88224065
1.96881763
2.046499655
1.05033924
1.176577735
1.30277067
1.428277675
1.551361645
1.671059785
1.786852215
1.896437025
1.998895505
2.092759315
2.17737571
1.09270939
1.22935833
1.366118095
1.50115677
1.634036195
1.763379915
1.88859205
2.00719312
2.11833119
2.221673595
2.313172215
1.127062405
1.27542336
1.423088485
1.56933631
1.713067785
1.85356257
1.988602915
2.117221445
2.239318055
2.3510671
2.452254365
1.152148055
1.312824845
1.47265598
1.630918595
1.78693859
1.938465405
2.08491394
2.22496364
2.35793422
2.48052428
2.59197727
1.169344495
1.340213665
1.513097025
1.684174385
1.852993125
2.0172407
2.175947915
2.329058595
2.4730113
2.60738101
2.73050691
1.18301459
1.359014205
1.542722375
1.728155155
1.910065085
2.08780677
2.25982345
2.426299145
2.58334373
2.730583275
2.86620148
1.19280836
1.37419402
1.56393758
1.760543655
1.95679868
2.14887544
2.33648535
2.516007505
2.687107045
2.848046145
2.997148535
1.198420755
1.38634381
1.58121808
1.783180205
1.99195862
2.20038447
2.402183055
2.59659268
2.78254492
2.95811014
3.12170814