-32.20036816
-36.44501115
-41.01520490
-45.91910492
-51.16472929
-56.76049546
-62.71488572
-69.03627805
-75.73275276
-82.81333286
-90.28644063
-34.55940041
-38.92186532
-43.61275824
-48.63942059
-54.01053326
-59.73435803
-65.81937692
-72.27371482
-79.10634189
-86.32550329
-93.93986863
-37.13891484
-41.61978430
-46.43124221
-51.58113540
-57.07798918
-62.93006183
-69.14597387
-75.73365560
-82.70220895
-90.05997361
-97.81570773
-39.94743269
-44.54665235
-49.47890427
-54.75235807
-60.37530453
-66.35621046
-72.70311260
-79.42445255
-86.52879837
-94.02513654
-101.92171149
-42.99184302
-47.71019596
-52.76421936
-58.16185433
-63.91108771
-70.02061826
-76.49864459
-83.35359921
-90.59434611
-98.22902863
-106.26794940
-46.28077911
-51.11878626
-56.29456670
-61.81630728
-67.69240681
-73.93086409
-80.54047298
-87.52989092
-94.90666967
-102.68098342
-110.86008052
-49.82051460
-54.77869364
-60.07694714
-65.72346700
-71.72667125
-78.09513991
-84.83664181
-91.95959409
-99.47342813
-107.38673439
-115.70779657
-53.61330818
-58.69737044
-64.11861292
-69.89071549
-76.02146632
-82.52009327
-89.39391602
-96.65151267
-104.30250528
-112.35430263
-120.81642370
-57.65307314
-62.87679461
-68.42720154
-74.32491717
-80.58375627
-87.21208603
-94.21891439
-101.61156679
-109.39888588
-117.59002885
-126.19409920
-61.94532611
-67.30919045
-73.00229106
-79.03192046
-85.41989722
-92.17911032
-99.31798033
-106.84571672
-114.77044608
-123.10145347
-131.84771686
-66.49429777
-71.99961846
-77.83718487
-84.01383899
-90.53603468
-97.42601588
-104.69846239
-112.36175107
-120.42440926
-128.89544503
-137.78401149
