-17.02977985
-19.25745228
-21.64790537
-24.20495528
-26.93215652
-29.83157355
-32.90662715
-36.16094252
-39.59608131
-43.21551016
-47.02207315
-18.26621019
-20.55918916
-23.01667707
-25.64177768
-28.43805525
-31.40752257
-34.55361186
-37.87998631
-41.38809137
-45.08146926
-48.96438640
-19.61023094
-21.97060762
-24.49651237
-27.19153292
-30.05775311
-33.09862286
-36.31781133
-39.71684015
-43.29925394
-47.06789605
-51.02707824
-21.06456583
-23.49367504
-26.08980777
-28.85511635
-31.79307176
-34.90665463
-38.19955529
-41.67322894
-45.33124239
-49.17788491
-53.21316158
-22.63124970
-25.13037275
-27.79755567
-30.63488867
-33.64585361
-36.83414962
-40.20130193
-43.75088319
-47.48575487
-51.41025504
-55.52427612
-24.31232035
-26.88318182
-29.62215678
-32.53274802
-35.61795603
-38.88150090
-42.32483455
-45.95155272
-49.76597587
-53.76809533
-57.96208315
-26.11029487
-28.75313232
-31.56555751
-34.55059997
-37.71198912
-41.05123809
-44.57195012
-48.27700235
-52.17076665
-56.25311197
-60.52826205
-28.02626444
-30.74267876
-33.62970456
-36.69108045
-39.92837503
-43.34520023
-46.94445541
-50.73049810
-54.70328484
-58.86702504
-63.22450704
-30.06270340
-32.85380124
-35.81688888
-38.95468032
-42.26969910
-45.76523106
-49.44562214
-53.31090822
-57.36528768
-61.61156577
-66.05252463
-32.22161716
-35.08847093
-38.12875660
-41.34399860
-44.73783665
-48.31317634
-52.07441557
-56.02145272
-60.15853967
-64.48847391
-69.01403101
-34.50499708
-37.44938751
-40.56681905
-43.86093657
-47.33466063
-50.99237780
-54.83405190
-58.86392551
-63.08481037
-67.49949575
-72.11075015
