0.92959577
1.034946705
1.14030292
1.24540282
1.349791875
1.45132582
1.54918429
1.642803495
1.72970493
1.80884373
1.878852835
0.986509985
1.0982565
1.21029795
1.322067385
1.43278862
1.540343555
1.6439234
1.7431289
1.834920425
1.918717615
1.994452085
1.04077352
1.16071547
1.280891265
1.40096522
1.51875852
1.633591945
1.744824395
1.85001235
1.948149465
2.037909245
2.119224375
1.090849485
1.220348865
1.350355635
1.478937315
1.605419495
1.7285494
1.84799899
1.961002665
2.066843205
2.16531664
2.252305835
1.13532819
1.27527477
1.41544599
1.553961505
1.690309755
1.82384049
1.951979635
2.074083585
2.188581815
2.295740725
2.39030142
1.171930795
1.32378869
1.47487343
1.62459438
1.771752625
1.916068855
2.05459806
2.18660726
2.312641035
2.42760362
2.53204289
1.20003757
1.3637855
1.52708394
1.68886647
1.848653495
2.003668135
2.153629215
2.297205305
2.434052585
2.559744775
2.674363765
1.21961035
1.39399354
1.5703981
1.745722705
1.91764187
2.085153595
2.2474974
2.404741765
2.5520322
2.689873725
2.81629519
1.23616683
1.415403935
1.60328811
1.792221735
1.977820965
2.159188045
2.336164945
2.505124825
2.66584474
2.816551345
2.95547503
1.248954105
1.433875705
1.62761107
1.82803837
2.02788804
2.22362118
2.415425405
2.59859436
2.77331663
2.937747175
3.09017258
1.257848195
1.44957828
1.648226615
1.854017075
2.06664329
2.27936986
2.484820705
2.683049975
2.87260574
3.051773235
3.218744405