-66.80367768
-75.44038157
-84.70361492
-94.60493762
-105.15571296
-116.36708436
-128.25007052
-140.81550550
-154.07415460
-168.03657176
-182.71326402
-71.84944782
-80.74868594
-90.27839337
-100.45008310
-111.27506795
-122.76445678
-134.92923454
-147.78022452
-161.32812216
-175.58349531
-190.55684775
-77.34781892
-86.51513804
-96.31682296
-106.76434146
-117.86895334
-129.64175636
-142.09367634
-155.23554110
-169.07799452
-183.63160025
-198.90684102
-83.30729796
-92.74798203
-102.82693007
-113.55553040
-124.94502764
-137.00645266
-149.75074849
-163.18863444
-177.33078449
-192.18775710
-207.77000850
-89.73640591
-99.45553668
-109.81681296
-120.83157614
-132.51101464
-144.86613723
-157.90780657
-171.64677323
-186.09366339
-201.25901058
-217.15323054
-96.64368644
-106.64613570
-117.29462152
-128.60044515
-140.57470741
-153.22842913
-166.57238346
-180.61730652
-195.37382145
-210.85243351
-227.06350875
-104.03764404
-114.32808992
-125.26851229
-136.87010027
-149.14396678
-162.10099408
-175.75198980
-190.10765758
-205.17858113
-220.97518400
-237.50789912
-111.92675887
-122.50973446
-133.74662157
-145.64857285
-158.22659804
-171.49157030
-185.45425113
-200.12528504
-215.51523587
-231.63452105
-248.49351278
-120.31945422
-131.19933198
-142.73708735
-154.94383209
-167.83048861
-181.40787911
-195.68673469
-210.67768310
-226.39118563
-242.83769798
-260.02753687
-129.22412004
-140.40510980
-152.24804276
-164.76385125
-177.96346097
-191.85765415
-206.45710425
-221.77232877
-237.81384605
-254.59202473
-272.11716334
-138.64903749
-150.13530201
-162.28749684
-175.11658628
-188.63340059
-202.84866116
-217.77294071
-233.41677704
-249.79061982
-266.90480621
-284.76964891
