-28.01201071
-31.43180574
-35.09155925
-38.99555245
-43.14798770
-48.31299226
-53.15799273
-57.13687515
-62.32370099
-67.77899007
-73.50659231
-30.75480711
-34.30475034
-38.15500404
-42.25618947
-46.62643444
-50.97694911
-56.19321393
-60.86822012
-66.15546311
-71.75469480
-77.62791185
-33.77919431
-37.46199437
-41.38840531
-45.56265786
-49.98892153
-54.67132891
-59.61405307
-64.82148093
-70.29833694
-76.04950943
-82.56474890
-37.09217057
-40.91089901
-44.97504363
-49.28879722
-53.85628068
-58.68155609
-63.76862591
-69.12144287
-74.74391367
-80.63991084
-86.81329549
-40.70005721
-44.65748719
-48.86215799
-53.31822454
-58.02978060
-63.00085895
-68.23544035
-73.73745299
-79.51078061
-85.55926384
-91.88670221
-44.60920249
-48.70797214
-53.05582076
-57.65686851
-62.51517598
-67.63474955
-73.01954512
-78.67347115
-84.60039362
-90.80413670
-97.28848707
-48.82590300
-53.06853279
-57.56210079
-62.31068673
-67.31831737
-72.58897072
-78.12657591
-83.93502147
-90.01815230
-96.37977611
-103.02366581
-53.35638426
-57.74529745
-62.38702731
-67.28561286
-72.44504608
-77.86927209
-83.56219572
-89.52767973
-95.76954843
-102.29159280
-109.09756993
-58.20680093
-62.74433248
-67.53658175
-72.58754482
-77.90117558
-83.48138886
-89.33205923
-95.45702404
-101.86008740
-108.54502033
-115.51556359
-63.38322932
-68.07164096
-73.01669201
-78.22233522
-83.69248782
-89.43102929
-95.44180384
-101.72862430
-108.29527127
-115.14549570
-122.28302010
-68.89167384
-73.73316063
-78.83323039
-84.19579297
-89.82472473
-95.72387032
-101.89704463
-108.34803303
-115.08059200
-122.09845091
-129.40531338
