-17.65091242
-19.93542954
-22.38810331
-25.00935594
-27.80368633
-30.77608014
-33.92630797
-37.25857987
-40.77617159
-44.48657129
-48.38403127
-18.91869829
-21.27037055
-23.79134797
-26.48190796
-29.34660272
-32.39076427
-35.61317643
-39.01893401
-42.61539295
-46.39712606
-50.37113947
-20.29723561
-22.71895632
-25.30818175
-28.06945299
-31.00802630
-34.12296082
-37.41920642
-40.89982161
-44.57231829
-48.43094663
-52.48286483
-21.78982923
-24.28030092
-26.94054084
-29.77388193
-32.78569845
-35.97474992
-39.34617280
-42.90736456
-46.65286277
-50.58971575
-54.72086363
-23.39623925
-25.95781168
-28.69038269
-31.59929355
-34.68345400
-37.94796815
-41.39918388
-45.03474787
-48.85876581
-52.87514479
-57.08682107
-25.11939884
-27.75350435
-30.55967935
-33.54335369
-36.70322004
-40.04447250
-43.57457885
-47.28797808
-51.19179045
-55.28896934
-59.58244715
-26.96153455
-29.66940056
-32.55264723
-35.61009174
-38.84690320
-42.27046304
-45.87543751
-49.66886607
-53.65371941
-57.83294572
-62.20947325
-28.92470889
-31.70971399
-34.66691381
-37.80145780
-41.11888292
-44.61936357
-48.30456300
-52.17923771
-56.24635159
-60.50884739
-64.96964899
-31.01310006
-33.87220033
-36.90659474
-40.11940586
-43.51812313
-47.09721028
-50.86381986
-54.82093057
-58.97149910
-63.31846231
-67.86473942
-33.22466440
-36.16095711
-39.27367524
-42.57024317
-46.04528671
-49.70590173
-53.55508021
-57.59579153
-61.83098471
-66.26359040
-70.89942498
-35.56338645
-38.57799426
-41.77416871
-45.14743233
-48.70407033
-52.44733994
-56.38022140
-60.50567436
-64.82663970
-69.34604141
-74.06980414
