2.133899965
2.496226555
2.88853916
3.307178405
3.756489655
4.23791493
4.749043615
5.29123282
5.865274775
6.476164385
8.46444885
2.10989638
2.485521705
2.892284165
3.326561705
3.79207078
4.28982144
4.81653064
5.375358785
7.35629467
8.09488867
8.870613925
2.039624915
2.429663
2.848650835
3.297068065
3.77895448
4.28974042
4.83216926
6.86904277
7.613733185
8.389357585
9.204001925
1.926995265
2.32866784
2.760251375
3.22170756
3.71683221
4.241676605
4.798048215
5.392070865
6.01430125
6.669035135
7.35844913
1.77056022
2.18380162
2.627552185
3.103393815
3.609240705
4.14763906
4.721473515
5.32653576
5.96257226
6.632255375
7.336973275
1.56984594
1.994229545
2.44934155
2.93792589
3.45703093
4.00854318
4.596807715
6.89850941
5.864564405
6.54959777
7.26910579
1.323458055
1.759036535
2.2279729
2.727166335
3.258852815
3.826560455
4.423771785
5.055352975
5.72065754
6.419117525
7.15365308
1.02993578
1.479591105
1.95818325
2.46971096
3.01528522
3.593941025
4.20512171
4.84923882
5.527727405
6.242077925
6.99087639
0.690854055
1.505142635
1.639128985
2.16258872
2.723362865
3.312596625
3.937018575
4.595087575
5.28788246
6.01583031
6.77959502
0.298867165
0.768004545
1.27084258
1.80975822
2.967711525
2.98198004
3.619366405
4.29110376
4.99774265
5.74057731
6.52196633
-0.14610581
0.335080125
0.85304945
1.40126682
1.983438255
2.59971941
3.250144065
3.93525626
4.65691976
5.414428955
6.210407785