-16.94196785
-19.16109716
-21.54277369
-24.09057317
-26.80787654
-29.69704149
-32.76132649
-36.00364168
-39.42738222
-43.03438136
-46.82793328
-18.17353767
-20.45803757
-22.90657784
-25.52224980
-28.30843725
-31.26745965
-34.40258033
-37.71720535
-41.21323011
-44.89395568
-48.76218508
-19.51257164
-21.86430128
-24.38108330
-27.06633133
-29.92242561
-32.95265291
-36.15994681
-39.54772527
-43.11783829
-46.87359988
-50.81881972
-20.96156333
-23.38185345
-25.96820218
-28.72402518
-31.65165969
-34.75439760
-38.03567091
-41.49738869
-45.14287520
-48.97495137
-52.99745790
-22.52254540
-25.01267249
-27.67020438
-30.49753402
-33.49797784
-36.67449170
-40.03051976
-43.56792104
-47.29003362
-51.20069079
-55.30071117
-24.19755253
-26.75907596
-29.48836174
-32.38875166
-35.46323271
-38.71526398
-42.14675858
-45.76106657
-49.56198730
-53.55050321
-57.73023447
-25.98861599
-28.62240119
-31.42494140
-34.39957890
-37.54978849
-40.87753388
-44.38617858
-48.07858407
-51.95861182
-56.02706961
-60.28770030
-27.89810315
-30.60494590
-33.48188499
-36.53191927
-39.75853199
-43.16362720
-46.75058033
-50.52325045
-54.48251149
-58.63210308
-62.97479572
-29.92735849
-32.70868480
-35.66113057
-38.78819111
-42.09181223
-45.57538123
-49.24177055
-53.09487187
-57.13546624
-61.36732739
-65.79321948
-32.07870719
-34.93558316
-37.96511661
-41.16928875
-44.55149784
-48.11463480
-51.86258888
-55.79619772
-59.91923291
-64.23447445
-68.74467974
-34.35413438
-37.28809437
-40.39477979
-43.67759770
-47.13945461
-50.78423754
-54.61283384
-58.62901408
-62.83557301
-67.23528223
-71.83089192
