-66.79395884
-75.42981628
-84.69229745
-94.59334865
-105.14396403
-116.35474239
-128.23711421
-140.80181222
-154.06046990
-168.02299144
-182.69937308
-71.83916584
-80.73778071
-90.26662312
-100.43822183
-111.26294409
-122.75184866
-134.91595200
-147.76657837
-161.31468258
-175.56975324
-190.54267815
-77.33705769
-86.50374425
-96.30534275
-106.75250704
-117.85659316
-129.62879263
-142.07987815
-155.22177554
-169.06434750
-183.61765338
-198.89234441
-83.29613087
-92.73635056
-102.81517045
-113.54321316
-124.93223605
-136.99306256
-149.73738275
-163.17517505
-177.31714792
-192.17348364
-207.75493755
-89.72469259
-99.44376610
-109.80471042
-120.81908113
-132.49782103
-144.85243871
-157.89395394
-171.63317654
-186.07966569
-201.24436269
-217.13779037
-96.63217750
-106.63430705
-117.28231176
-128.58746001
-140.56103363
-153.21480361
-166.55879692
-180.60345155
-195.35933960
-210.83727829
-227.04766833
-104.02588927
-114.31581389
-125.25569341
-136.85672437
-149.13032194
-162.08760161
-175.73823742
-190.09351710
-205.16367515
-220.95960300
-237.49229930
-111.91458075
-122.49715048
-133.73332682
-145.63498323
-158.21283253
-171.47798366
-185.44018233
-200.11071648
-215.49989791
-231.61850873
-248.47761288
-120.30700369
-131.18624459
-142.72356787
-154.93008726
-167.81692467
-181.39396712
-195.67223269
-210.66253821
-226.37539063
-242.82211859
-260.01163707
-129.21108574
-140.39144964
-152.23448772
-164.75039463
-177.94978423
-191.84340124
-206.44211663
-221.75671281
-237.79822725
-254.57609794
-272.10094339
-138.63552044
-150.12190317
-162.27398811
-175.10287393
-188.61935274
-202.83390133
-217.75745735
-233.40085554
-249.77486480
-266.88865505
-284.75274381
