-32.91850703
-37.23422386
-41.88000226
-46.86628632
-52.19977221
-57.89063902
-63.94675903
-70.37785074
-77.19277935
-84.40152714
-92.01198177
-35.32176584
-39.75630045
-44.52448605
-49.63583312
-55.09714443
-60.91857253
-67.10821915
-73.67606911
-80.62979108
-87.97985008
-95.73650438
-37.94637439
-42.50105649
-47.39201102
-52.62782579
-58.21790574
-64.17007547
-70.49416733
-77.19752161
-84.28997794
-91.78211338
-99.68399608
-40.80056043
-45.47581506
-50.49064194
-55.85294234
-61.57117217
-67.65386353
-74.11113733
-80.95152757
-88.18308354
-95.81953905
-103.86370695
-43.89459685
-48.69095494
-53.82867307
-59.31684422
-65.16327142
-71.37793821
-77.96930948
-84.94626918
-92.31951325
-100.09458371
-108.28340450
-47.23326422
-52.15117648
-57.41291095
-63.02760443
-69.00352382
-75.35027602
-82.07585021
-89.19008005
-96.70128893
-104.61981897
-112.95511145
-50.82516087
-55.86515987
-61.25234510
-66.99404509
-73.09967435
-79.57813524
-86.44013275
-93.69093210
-101.34249231
-109.40185428
-117.88086045
-54.67341945
-59.84188600
-65.35365033
-71.22335169
-77.45938345
-84.07069963
-91.06608079
-98.45447216
-106.24417970
-114.44641497
-123.07095257
-58.77350896
-64.08146826
-69.72243798
-75.72077652
-82.08889161
-88.83179222
-95.96185746
-103.48663687
-111.41690012
-119.76321255
-128.53205064
-63.12649684
-68.57725096
-74.36462442
-80.49548999
-86.99182322
-93.86762213
-101.13419146
-108.79692483
-116.86809990
-125.35640345
-134.27067763
-67.73856081
-73.33519784
-79.26857996
-85.54792830
-92.17810091
-99.18895976
-106.58960432
-114.39113840
-122.60402079
-131.23460292
-140.29558031
