1.191658905
1.31831761
1.44810218
1.57621278
1.703800225
1.83076063
1.952928455
2.0696545
2.179781915
2.28580772
2.378040385
1.25781537
1.392220325
1.529104945
1.6639914
1.798030505
1.931478005
2.059066855
2.180899455
2.30049741
2.40720102
2.50288728
1.324048415
1.468428075
1.61217624
1.755540095
1.89907343
2.037923085
2.172122755
2.301060805
2.42732932
2.53988994
2.64086679
1.389549015
1.54239339
1.69521987
1.84741076
2.000112365
2.147818155
2.290604135
2.431600775
2.561321
2.679946225
2.789010155
1.448940825
1.61233421
1.776046155
1.94087144
2.10181829
2.258999045
2.41452914
2.56161328
2.699009185
2.827852935
2.94511882
1.50276673
1.67791611
1.853223875
2.029551475
2.20145813
2.36933449
2.536653745
2.692938055
2.841145985
2.979059855
3.104891425
1.548954115
1.736820625
1.92647468
2.113069195
2.297066025
2.48139542
2.655371135
2.82340002
2.982473255
3.13201858
3.269043025
1.587999165
1.78877099
1.990088645
2.189781955
2.389191195
2.584013755
2.771522605
2.95200163
3.12426174
3.285639905
3.434172705
1.62634558
1.8314662
2.04537575
2.2590176
2.473677325
2.68131417
2.88289113
3.077612135
3.26304904
3.436856035
3.5987141
1.66141598
1.87233163
2.09136303
2.322498175
2.5493751
2.772090665
2.98798448
3.197329115
3.39693476
3.585388675
3.764086165
1.694106045
1.91039534
2.13987873
2.37346818
2.615019875
2.85286006
3.08541924
3.31010516
3.524629305
3.72873995
3.922013985