-32.55015885
-36.82918006
-41.43640102
-46.37980374
-51.66809289
-57.31039027
-63.31431807
-69.68847820
-76.44231271
-83.58423389
-91.12342770
-34.93052838
-39.32865983
-44.05692945
-49.12430859
-54.53921200
-60.31045018
-66.44660212
-72.95554960
-79.84672427
-87.12904193
-94.81094922
-37.53284433
-42.04951471
-46.89950214
-52.09117010
-57.63294141
-63.53380383
-69.80172792
-76.44556127
-83.47445307
-90.89638847
-98.72242974
-40.36350246
-44.99976370
-49.97184878
-55.28829161
-60.95829151
-66.98845427
-73.38865696
-80.16720674
-87.33357953
-94.89567121
-102.86489908
-43.43159006
-48.18840756
-53.28352560
-58.72482052
-64.52156071
-70.68164341
-77.21450748
-84.12857945
-91.43259556
-99.13657548
-107.24709271
-46.74568105
-51.62261420
-56.84022549
-62.40691330
-68.33148550
-74.62233323
-81.28878258
-88.33752089
-95.78034016
-103.62309316
-111.87654700
-50.31105674
-55.30909426
-60.65016657
-66.34300468
-72.39614125
-78.81830185
-85.61656696
-92.80278199
-100.38269374
-108.36711360
-116.76369087
-54.13103295
-59.25535223
-64.72106153
-70.54023561
-76.72285299
-83.27559967
-90.20828367
-97.53004149
-105.24777741
-113.37182525
-121.91195451
-58.19932057
-63.46494956
-69.05950334
-75.00583466
-81.31695651
-88.00246984
-95.06816964
-102.52514790
-110.38125529
-118.64658428
-127.33046736
-62.52227737
-67.92855279
-73.66652683
-79.74549772
-86.18725603
-93.00291563
-100.20326844
-107.79611388
-115.79170918
-124.19829532
-133.02620107
-67.10197735
-72.65123504
-78.53671620
-84.76364826
-91.33787465
-98.28573020
-105.62070566
-113.35076714
-121.48525356
-130.03371346
-139.00523734
