1.053645755
1.1689948
1.28527725
1.40264106
1.517968395
1.630657715
1.741169145
1.84595659
1.944041495
2.034305585
2.11803662
1.11472698
1.237079985
1.360451055
1.484523715
1.60622838
1.72515102
1.84149605
1.9514339
2.054564455
2.152230825
2.2375041
1.174315535
1.305363435
1.4378712
1.56890001
1.698232855
1.825825815
1.94800847
2.064573935
2.173904545
2.277907485
2.36813646
1.23124423
1.37272399
1.51367248
1.653695925
1.791310905
1.927742305
2.05815813
2.18275271
2.302619845
2.411094155
2.50805243
1.28301307
1.43492004
1.58596182
1.73623642
1.885625395
2.030397595
2.17016808
2.304713335
2.43247974
2.54863623
2.654545045
1.328365105
1.49114853
1.653848475
1.81535667
1.97583861
2.131173655
2.28108868
2.428120585
2.56360446
2.69024834
2.80552994
1.36480089
1.54010171
1.715185735
1.89024764
2.061190275
2.228031775
2.39298096
2.547750955
2.6948107
2.83171519
2.957496145
1.393636345
1.580030795
1.769536565
1.956368035
2.139911025
2.319806815
2.497095925
2.664347405
2.823809195
2.973187345
3.110448405
1.420051995
1.61233693
1.81273341
2.01345045
2.211230345
2.40717393
2.59565727
2.77679489
2.949550535
3.1117443
3.26155558
1.442894505
1.641634825
1.847602985
2.06057578
2.275515335
2.484274795
2.68706746
2.88290364
3.06953533
3.24570125
3.409076755
1.464624755
1.66799155
1.87880743
2.09891536
2.327004365
2.55138766
2.7696099
2.98058141
3.18250446
3.37345632
3.5517252