-17.32872518
-19.58358483
-22.00347776
-24.59254293
-27.35201484
-30.28585285
-33.39832818
-36.69019569
-40.16519785
-43.82642253
-47.67975047
-18.57999117
-20.90140990
-23.38891578
-26.04667801
-28.87583438
-31.88037611
-35.06479711
-38.42920870
-41.97792659
-45.71675179
-49.64297871
-19.94073770
-22.33012079
-24.88762227
-27.61448506
-30.51470356
-33.59272773
-36.84887243
-40.28735457
-43.91113108
-47.72610172
-51.72935133
-21.41299546
-23.87260584
-26.49959687
-29.29784173
-32.27045666
-35.42196944
-38.75248661
-42.26635608
-45.96940961
-49.85892976
-53.94050197
-22.99880810
-25.52912382
-28.22772462
-31.09864668
-34.14640575
-37.37121930
-40.77742182
-44.36900306
-48.14877752
-52.11692397
-56.27809140
-24.70120563
-27.30245563
-30.07396122
-33.01881332
-36.14158136
-39.44234027
-42.92547997
-46.59688103
-50.45377454
-54.50179492
-58.74380344
-26.52032926
-29.19464884
-32.04026902
-35.06174998
-38.25926090
-41.63718270
-45.20126444
-48.94914195
-52.88615757
-57.01527199
-61.33934158
-28.45915282
-31.20770691
-34.13006733
-37.22648584
-40.50133752
-43.95760665
-47.60123776
-51.42936815
-55.44769790
-59.65909997
-64.06642566
-30.51971228
-33.34481171
-36.34248508
-39.51636778
-42.86970860
-46.40840885
-50.12974209
-54.03936884
-58.14017818
-62.43503644
-66.92678926
-32.70403319
-35.60591122
-38.68086640
-41.93332464
-45.36914335
-48.98573261
-52.78870168
-56.78096058
-60.96538992
-65.34484891
-69.92217729
-35.01561343
-37.99360907
-41.14716553
-44.48073949
-47.99594169
-51.69425276
-55.57996273
-59.65596498
-63.92513124
-68.39031305
-73.05434387
